Sticks:
LeftThumbUp:    00 14 00 00 00 00 00 00 [FF 7F] 00 00 00 00 00 00 00 00 00 00
LeftThumbDown:  00 14 00 00 00 00 00 00 [00 80] 00 00 00 00 00 00 00 00 00 00
LeftThumbLeft:  00 14 00 00 00 00 [00 80] 00 00 00 00 00 00 00 00 00 00 00 00
LeftThumbRight: 00 14 00 00 00 00 [FF 7F] 00 00 00 00 00 00 00 00 00 00 00 00

Buttons:
A:       00 14 00 [10] 00 00 00 00 00 00 00 00 00 00 00 00 00 00 00 00
B:       00 14 00 [20] 00 00 00 00 00 00 00 00 00 00 00 00 00 00 00 00
X:       00 14 00 [40] 00 00 00 00 00 00 00 00 00 00 00 00 00 00 00 00
Y:       00 14 00 [80] 00 00 00 00 00 00 00 00 00 00 00 00 00 00 00 00
